The image size is 23302 bits.
********************Start of Image**********
********************APP**********
Section size : 16
********************量化表**********
Section size : 67
量化表ID: 0 , 量化表精度: 8
table size: 64

 8  6  6  7  6  5  8  7 
 7  7  9  9  8 10 12 20 
13 12 11 11 12 25 18 19 
15 20 29 26 31 30 29 26 
28 28 32 36 46 39 32 34 
44 35 28 28 40 55 41 44 
48 49 52 52 52 31 39 57 
61 56 50 60 46 51 52 50 
********************量化表**********
Section size : 67
量化表ID: 1 , 量化表精度: 8
table size: 64

 9  9  9 12 11 12 24 13 
13 24 50 33 28 33 50 50 
50 50 50 50 50 50 50 50 
50 50 50 50 50 50 50 50 
50 50 50 50 50 50 50 50 
50 50 50 50 50 50 50 50 
50 50 50 50 50 50 50 50 
50 50 50 50 50 50 50 50 
********************Start of frame**********
Section size : 17
精度: 8
圖高: 443
圖寬: 286
Y ->  ID:1 水平採樣率:2 垂直採樣率:2 量化表ID:0
Cb->  ID:2 水平採樣率:1 垂直採樣率:1 量化表ID:1
Cr->  ID:3 水平採樣率:1 垂直採樣率:1 量化表ID:1

最大水平採樣率： 2
最大垂直採樣率： 2
********************霍夫曼編碼表**********
Section size : 31
DC-0
leaf distribution : 0 1 5 1 1 1 1 1 1 0 0 0 0 0 0 0 
leaf numbers : 12
********************霍夫曼編碼表**********
Section size : 181
AC-0
leaf distribution : 0 2 1 3 3 2 4 3 5 5 4 4 0 0 1 125 
leaf numbers : 162
********************霍夫曼編碼表**********
Section size : 31
DC-1
leaf distribution : 0 3 1 1 1 1 1 1 1 1 1 0 0 0 0 0 
leaf numbers : 12
********************霍夫曼編碼表**********
Section size : 181
AC-1
leaf distribution : 0 2 1 2 4 4 3 4 7 5 4 4 0 1 2 119 
leaf numbers : 162
********************Start of scan**********
Section size : 12
顏色ID: 1, DC對應霍夫曼ID: 0, AC對應霍夫曼ID: 0
顏色ID: 2, DC對應霍夫曼ID: 1, AC對應霍夫曼ID: 1
顏色ID: 3, DC對應霍夫曼ID: 1, AC對應霍夫曼ID: 1
*************** mcu show ***********************
mcu id: 1, 0 0
-24.000000 2.000000 -5.000000 -6.000000 -3.000000 1.000000 3.000000 -1.000000 
-4.000000 0.000000 1.000000 -1.000000 1.000000 0.000000 -1.000000 0.000000 
0.000000 1.000000 0.000000 0.000000 -1.000000 0.000000 0.000000 1.000000 
-1.000000 0.000000 0.000000 0.000000 1.000000 0.000000 0.000000 0.000000 
0.000000 0.000000 0.000000 0.000000 0.000000 0.000000 0.000000 0.000000 
0.000000 0.000000 0.000000 0.000000 0.000000 0.000000 0.000000 0.000000 
0.000000 0.000000 0.000000 0.000000 0.000000 0.000000 0.000000 0.000000 
0.000000 0.000000 0.000000 0.000000 0.000000 0.000000 0.000000 0.000000 
mcu id: 1, 0 1
-33.000000 -2.000000 -3.000000 -4.000000 -1.000000 -2.000000 2.000000 -2.000000 
0.000000 -2.000000 -1.000000 1.000000 1.000000 0.000000 1.000000 1.000000 
0.000000 -1.000000 -1.000000 1.000000 0.000000 0.000000 0.000000 0.000000 
0.000000 0.000000 0.000000 0.000000 0.000000 0.000000 -1.000000 0.000000 
0.000000 0.000000 0.000000 0.000000 0.000000 0.000000 0.000000 0.000000 
0.000000 0.000000 0.000000 0.000000 0.000000 0.000000 0.000000 0.000000 
0.000000 0.000000 0.000000 0.000000 0.000000 0.000000 0.000000 0.000000 
0.000000 0.000000 0.000000 0.000000 0.000000 0.000000 0.000000 0.000000 
mcu id: 1, 1 0
-20.000000 2.000000 -2.000000 2.000000 -1.000000 2.000000 0.000000 0.000000 
-1.000000 -1.000000 1.000000 -1.000000 -1.000000 0.000000 1.000000 -1.000000 
0.000000 1.000000 0.000000 -1.000000 -1.000000 0.000000 0.000000 0.000000 
0.000000 0.000000 0.000000 0.000000 0.000000 0.000000 0.000000 0.000000 
0.000000 0.000000 0.000000 0.000000 0.000000 0.000000 0.000000 0.000000 
0.000000 0.000000 0.000000 -1.000000 0.000000 0.000000 0.000000 0.000000 
0.000000 0.000000 0.000000 0.000000 0.000000 0.000000 0.000000 0.000000 
0.000000 0.000000 0.000000 0.000000 0.000000 0.000000 0.000000 0.000000 
mcu id: 1, 1 1
-20.000000 -2.000000 -7.000000 -4.000000 1.000000 -1.000000 1.000000 0.000000 
1.000000 1.000000 1.000000 0.000000 -1.000000 1.000000 0.000000 1.000000 
1.000000 -1.000000 1.000000 -1.000000 -1.000000 0.000000 -1.000000 0.000000 
0.000000 1.000000 0.000000 0.000000 -1.000000 0.000000 0.000000 0.000000 
0.000000 0.000000 0.000000 0.000000 0.000000 0.000000 0.000000 0.000000 
0.000000 0.000000 1.000000 0.000000 0.000000 0.000000 0.000000 0.000000 
0.000000 0.000000 0.000000 0.00`0000 0.000000 0.000000 0.000000 0.000000 
0.000000 0.000000 0.000000 0.000000 0.000000 0.000000 0.000000 0.000000 
mcu id: 2, 0 0
-12.000000 1.000000 2.000000 0.000000 0.000000 1.000000 0.000000 0.000000 
0.000000 0.000000 0.000000 0.000000 0.000000 0.000000 0.000000 0.000000 
0.000000 0.000000 0.000000 0.000000 0.000000 0.000000 0.000000 0.000000 
0.000000 0.000000 0.000000 0.000000 0.000000 0.000000 0.000000 0.000000 
0.000000 0.000000 0.000000 0.000000 0.000000 0.000000 0.000000 0.000000 
0.000000 0.000000 0.000000 0.000000 0.000000 0.000000 0.000000 0.000000 
0.000000 0.000000 0.000000 0.000000 0.000000 0.000000 0.000000 0.000000 
0.000000 0.000000 0.000000 0.000000 0.000000 0.000000 0.000000 0.000000 
mcu id: 3, 0 0
3.000000 -2.000000 -1.000000 0.000000 -1.000000 -1.000000 0.000000 0.000000 
0.000000 0.000000 0.000000 0.000000 0.000000 0.000000 0.000000 0.000000 
0.000000 0.000000 0.000000 0.000000 0.000000 0.000000 0.000000 0.000000 
0.000000 0.000000 0.000000 0.000000 0.000000 0.000000 0.000000 0.000000 
0.000000 0.000000 0.000000 0.000000 0.000000 0.000000 0.000000 0.000000 
0.000000 0.000000 0.000000 0.000000 0.000000 0.000000 0.000000 0.000000 
0.000000 0.000000 0.000000 0.000000 0.000000 0.000000 0.000000 0.000000 
0.000000 0.000000 0.000000 0.000000 0.000000 0.000000 0.000000 0.000000 
********************End of Image**********
